0.02 1.3126193 96.95754
0.06 1.2946969 90.88204
0.099999994 0.6830448 84.9823
0.13999999 0.66379285 78.958565
0.17999998 0.64347607 72.977936
0.21999997 0.6235853 66.97756
0.25999996 0.6039094 60.94075
0.29999995 0.58801526 54.973007
0.33999994 0.56434906 48.973488
0.37999994 0.5438838 42.978725
0.41999993 0.5241839 36.97733
0.45999992 0.50363016 30.98151
0.4999999 0.48820275 24.965034
0.5399999 0.46420723 18.99363
0.5799999 0.4439415 12.989572
0.61999995 0.42854467 7.4969025
0.65999997 0.420679 5.0
0.7 0.43329006 0.0
0.74 0.43326205 0.0
0.78000003 0.43336657 0.0
0.82000005 0.43331832 0.0
0.8600001 0.433225 0.0
0.9000001 0.43324333 0.0
0.9400001 0.4333701 0.0
0.98000014 0.43326643 0.0
